3,2
3,1
3,3
10,97
10,157
10,117
10,229
10,33
10,175
63,3
63,2
63,1
63,0
55,5
55,4
55,3
55,2
55,1
55,0
12,3
20,2
12,2
20,1
12,1
11,29
11,28
11,27
11,25
11,23
11,22
11,21
11,20
11,19
20,3
11,18
11,17
11,16
19,2
19,1
11,15
11,13
11,12
11,11
11,10
11,9
11,7
11,5
11,3
19,3
11,2
11,1
10,311
10,310
10,309
10,284
10,273
10,268
10,263
10,239
10,237
10,234
10,228
10,221
10,219
10,209
10,201
10,191
10,174
10,173
10,155
10,146
10,143
18,1
10,127
18,3
14,1
10,115
10,105
14,3
13,1
10,93
13,3
10,85
10,27
10,25
10,16
10,9
10,5
10,3
10,2
10,1
9,7
9,6
9,5
9,4
9,3
2,2
2,1
9,2
9,1
8,18
8,17
8,16
8,15
2,3
8,14
8,13
8,12
